
1 134543360
2 0
3 0
4 0
6 0
8 0
9 0
10 0
11 0
12 0
13 0
15 0
16 0
17 0
18 0
19 0
20 0
21 0
22 0
23 0
24 0
25 0
26 0
27 0
28 0
29 0
30 0
49 0
142 0
143 0
144 0
145 0
146 0
147 0
438 0
439 0
440 0
441 0
442 0
443 1052672
444 0
445 0
450 0
510 0
519 0
553 0
554 0
643 163840
670 18587648
721 0
727 0
728 0
749 0
750 0
757 0
759 0
761 0
762 0
763 0
764 0
765 0
766 0
767 16384
790 892928
791 98304
806 0
807 0
809 0
819 2629632
820 12103680
821 4624384
822 6369280
824 233472
829 176128
831 524288
832 921600
839 2478080
841 0
842 397312
853 720896
857 327680
858 8028160
860 258048
873 4587520
884 3248128
889 1196032
1108 503808
1109 2191360
1116 61440
1406 0
1422 110592
1428 0
1434 6652416
1606 0
23502 0
25522 0
25538 0
25539 
25540 
25541 
